14.38
14.42
14.44
14.46
14.48
14.56
14.64
14.74
14.82
14.87
14.93
14.98
14.99
15.01
15.01
15.02
15.07
15.07
15.17
15.17
15.23
15.29
15.36
15.43
15.51
15.53
15.58
15.63
15.70
15.74
15.78
15.87
15.92
16.00
16.02
16.08
16.11
16.19
16.22
16.26
16.34
16.37
16.46
16.55
16.60
16.62
16.68
16.70
16.79
16.86
16.91
17.00
17.09
17.19
17.26
17.28
17.36
17.36
17.42
17.50
17.53
17.59
17.62
17.66
17.72
17.80
17.88
17.92
17.97
18.00
18.05
18.11
18.15
18.20
18.21
18.30
18.39
18.41
18.44
18.51
18.57
18.58
18.65
18.65
18.67
18.67
18.67
18.67
18.67
18.67
18.67
18.67
18.67
18.67
18.67
18.67
18.67
18.67
18.67
18.67
18.67
18.67
18.67
18.67
18.67
18.67
18.67
18.67
18.67
18.67
18.67
18.67
18.67
18.67
18.67
18.67
18.67
18.67
18.67
18.67
18.67
18.67
18.67
18.67
18.67
18.67
18.67
18.67
18.67
18.67
18.67
18.67
18.67
18.67
18.67
18.67
18.67
18.67
18.67
18.67
18.67
18.67
18.67
18.67
18.67
18.67
18.67
18.67
18.67
18.67
18.67
18.67
18.67
18.67
18.67
18.67
18.67
18.67
18.67
18.67
18.67
18.67
18.67
18.67
18.67
18.67
18.67
18.67
18.67
18.67
18.67
18.67
18.67
18.67
18.67
18.67
18.67
18.67
18.67
18.67
18.67
18.67
18.67
18.67
18.67
18.67
18.67
18.67
18.67
18.67
18.67
18.67
18.67
18.67
18.67
18.67
18.67
18.67
18.67
18.67
18.67
18.67
18.67
18.67
18.67
18.67
18.67
18.67
18.67
18.67
18.67
18.67
18.67
18.67
18.67
18.67
18.67
18.67
18.67
18.67
18.67
18.67
18.67
18.67
18.67
18.67
18.67
18.67
18.67
18.67
18.67
18.67
18.67
18.67
18.67
18.67
18.67
18.67
18.67
18.67
